FRAME
197.638138 0.000000
57752203264.000000 4091904000.000000
108157681664.000000 3025728000.000000
149577859072.000000 2572992000.000000
227880927232.000000 4159296000.000000
FRAME
23688.500000 2226.601807
40751460352.000000 41068335104.000000
103112908800.000000 32828928000.000000
146927779840.000000 28156504064.000000
223506464768.000000 45503881216.000000
FRAME
83934.265625 16125.501953
3126562560.000000 58724937728.000000
90023452672.000000 60194254848.000000
139932844032.000000 52946075648.000000
211665813504.000000 85434892288.000000
FRAME
174869.718750 50529.117188
-37190074368.000000 49129508864.000000
69891596288.000000 82993471488.000000
128794411008.000000 76208611328.000000
192750780416.000000 122622918656.000000
FRAME
288842.156250 110826.781250
-63364067328.000000 18675529728.000000
44282490880.000000 99474833408.000000
113838145536.000000 97256472576.000000
167389200384.000000 155833516032.000000
FRAME
418459.812500 199710.906250
-68582338560.000000 -19139518464.000000
15186210816.000000 108419678208.000000
95504662528.000000 115469377536.000000
136424816640.000000 183970676736.000000
FRAME
556919.375000 318338.281250
-55005364224.000000 -52602863616.000000
-15169515520.000000 109244727296.000000
74335944704.000000 130314469376.000000
100887838720.000000 206116765696.000000
FRAME
697745.250000 466702.562500
-28747567104.000000 -74804215808.000000
-44530429952.000000 102032220160.000000
50957807616.000000 141363691520.000000
61956980736.000000 221565894656.000000
FRAME
834803.562500 643576.812500
3433722624.000000 -82879856640.000000
-70818996224.000000 87484653568.000000
26058993664.000000 148307361792.000000
20914569216.000000 229849022464.000000
FRAME
962576.625000 846527.812500
35380457472.000000 -76666814464.000000
-92300558336.000000 66815864832.000000
367982592.000000 150963322880.000000
-20903241728.000000 230748700672.000000
FRAME
1076463.000000 1072121.125000
61821673472.000000 -57827749888.000000
-107693555712.000000 41602408448.000000
-25371660288.000000 149281161216.000000
-62158258176.000000 224302153728.000000
FRAME
1172964.625000 1316257.000000
78447681536.000000 -29461843968.000000
-116219092992.000000 13621907456.000000
-50426036224.000000 143341305856.000000
-101560950784.000000 210792660992.000000
FRAME
1249715.625000 1574538.500000
82120638464.000000 4017893376.000000
-117596454912.000000 -15298500608.000000
-74094608384.000000 133349072896.000000
-137917087744.000000 190730321920.000000
FRAME
1305360.000000 1842592.125000
71374970880.000000 37025660928.000000
-111999098880.000000 -43408535552.000000
-95731703808.000000 119624318976.000000
-170167746560.000000 164823154688.000000
FRAME
1339319.875000 2116257.250000
47161610240.000000 63335665664.000000
-99986726912.000000 -69129945088.000000
-114765012992.000000 102587260928.000000
-197420728320.000000 133941444608.000000
FRAME
1351555.875000 2391587.750000
13410922496.000000 77349052416.000000
-82427142144.000000 -91121033216.000000
-130710355968.000000 82741428224.000000
-218971979776.000000 99077963776.000000
FRAME
1342480.500000 2664702.750000
-23394494464.000000 75920351232.000000
-60417695744.000000 -108315148288.000000
-143182364672.000000 60654833664.000000
-234317987840.000000 61306306560.000000
FRAME
1313104.125000 2931682.750000
-56071192576.000000 59648069632.000000
-35211927552.000000 -119939432448.000000
-151901077504.000000 36940333056.000000
-243158040576.000000 21740283904.000000
FRAME
1265273.000000 3188708.000000
-79089238016.000000 32464046080.000000
-8153665536.000000 -125519544320.000000
-156694544384.000000 12235972608.000000
-245389115392.000000 -18503614464.000000
FRAME
1201734.250000 3432411.500000
-89845088256.000000 -186617856.000000
19381227520.000000 -124875137024.000000
-157497933824.000000 -12813670400.000000
-241094017024.000000 -58339725312.000000
FRAME
1125951.625000 3660204.250000
-88402477056.000000 -33152612352.000000
46036824064.000000 -118109298688.000000
-154349469696.000000 -37574828032.000000
-230524747776.000000 -96741564416.000000
FRAME
1041803.812500 3870441.500000
-76494241792.000000 -62490705920.000000
70524477440.000000 -105593569280.000000
-147384008704.000000 -61439963136.000000
-214082617344.000000 -132764688384.000000
FRAME
953294.625000 4062436.500000
-56598999040.000000 -85594013696.000000
91667218432.000000 -87948828672.000000
-136824594432.000000 -83841097728.000000
-192296615936.000000 -165564153856.000000
FRAME
864324.312500 4236399.500000
-31371694080.000000 -100966260736.000000
108442173440.000000 -66021507072.000000
-122972807168.000000 -104261042176.000000
-165801230336.000000 -194407333888.000000
FRAME
778510.812500 4393348.000000
-3374140160.000000 -107938562048.000000
120021483520.000000 -40853626880.000000
-106197909504.000000 -122242433024.000000
-135314522112.000000 -218682228736.000000
FRAME
699045.125000 4534995.000000
25019361280.000000 -106446438400.000000
125810458624.000000 -13644908544.000000
-86925852672.000000 -137394724864.000000
-101616975872.000000 -237902299136.000000
FRAME
628571.437500 4663627.500000
51636310016.000000 -96888700928.000000
125481312256.000000 14294331392.000000
-65627869184.000000 -149399453696.000000
-65531953152.000000 -251708047360.000000
FRAME
569089.687500 4781967.000000
74497105920.000000 -80058163200.000000
118998720512.000000 41600307200.000000
-42809151488.000000 -158013685760.000000
-27907235840.000000 -259866591232.000000
FRAME
521888.718750 4893008.500000
91816321024.000000 -57126395904.000000
106633388032.000000 66921959424.000000
-18997813248.000000 -163072131072.000000
10401838080.000000 -262268944384.000000
FRAME
487512.593750 4999852.000000
102037635072.000000 -29664827392.000000
88959188992.000000 88993439744.000000
5265985024.000000 -164487839744.000000
48547672064.000000 -258926444544.000000
FRAME
465769.593750 5105519.500000
103923359744.000000 320979968.000000
66830442496.000000 106707820544.000000
29440438272.000000 -162251685888.000000
85704646656.000000 -249965477888.000000
FRAME
455781.031250 5212793.500000
96715587584.000000 30379687936.000000
41338142720.000000 119185235968.000000
52992180224.000000 -156430991360.000000
121082159104.000000 -235621613568.000000
FRAME
456067.750000 5324056.500000
80370450432.000000 57683386368.000000
13746440192.000000 125827801088.000000
75405967360.000000 -147166822400.000000
153936707584.000000 -216232755200.000000
FRAME
464668.937500 5441162.000000
55822249984.000000 79253159936.000000
-14585524224.000000 126354505728.000000
96193929216.000000 -134670729216.000000
183582965760.000000 -192231735296.000000
FRAME
479293.968750 5565319.500000
25158561792.000000 92394528768.000000
-42288775168.000000 120811470848.000000
114904408064.000000 -119220215808.000000
209404542976.000000 -164137828352.000000
FRAME
497515.718750 5697017.000000
-8474155520.000000 95288295424.000000
-68067667968.000000 109556768768.000000
131130294272.000000 -101153456128.000000
230863716352.000000 -132547649536.000000
FRAME
517004.843750 5836011.500000
-41355636736.000000 87509958656.000000
-90772529152.000000 93222494208.000000
144516857856.000000 -80862912512.000000
247510286336.000000 -98124873728.000000
FRAME
535770.375000 5981411.500000
-69956419584.000000 70176604160.000000
-109455228928.000000 72660115456.000000
154768834560.000000 -58788036608.000000
258990178304.000000 -61588971520.000000
FRAME
552343.437500 6131867.000000
-91639537664.000000 45602398208.000000
-123404607488.000000 48876429312.000000
161656832000.000000 -35406970880.000000
265052323840.000000 -23702794240.000000
FRAME
565852.125000 6285806.000000
-104990679040.000000 16659213312.000000
-132161560576.000000 22967654400.000000
165022613504.000000 -11227223040.000000
265554788352.000000 14741142528.000000
FRAME
575989.062500 6441656.500000
-109738491904.000000 -13828722688.000000
-135516422144.000000 -3942163200.000000
164783357952.000000 13224520704.000000
260469391360.000000 52935503872.000000
FRAME
582911.750000 6598000.000000
-106445791232.000000 -43457404928.000000
-133492744192.000000 -30754410496.000000
160934461440.000000 37413416960.000000
249883885568.000000 90074038272.000000
FRAME
587120.687500 6753668.500000
-96170336256.000000 -70375342080.000000
-126321803264.000000 -56438722560.000000
153550667776.000000 60808101888.000000
234002644992.000000 125368500224.000000
FRAME
589343.000000 6907777.500000
-80201441280.000000 -93263036416.000000
-114412314624.000000 -80065134592.000000
142785511424.000000 82892701696.000000
213144109056.000000 158065852416.000000
FRAME
590434.000000 7059728.500000
-59892494336.000000 -111247663104.000000
-98318204928.000000 -100826480640.000000
128868802560.000000 103179001856.000000
187735900160.000000 187465891840.000000
FRAME
591299.812500 7209194.500000
-36570714112.000000 -123807268864.000000
-78707195904.000000 -118052618240.000000
112102055936.000000 121218187264.000000
158306598912.000000 212937900032.000000
FRAME
592839.125000 7356086.500000
-11497236480.000000 -130688778240.000000
-56331288576.000000 -131218276352.000000
92851838976.000000 136612020224.000000
125474619392.000000 233936846848.000000
FRAME
595902.312500 7500523.500000
14144030720.000000 -131847028736.000000
-31999733760.000000 -139946196992.000000
71541170176.000000 149022851072.000000
89933971456.000000 250017153024.000000
FRAME
601264.750000 7642798.500000
39243358208.000000 -127404343296.000000
-6554760192.000000 -144007053312.000000
48639254528.000000 158182129664.000000
52437643264.000000 260844257280.000000
FRAME
609611.312500 7783346.000000
62756876288.000000 -117627731968.000000
19150481408.000000 -143317139456.000000
24649678848.000000 163896999936.000000
13778657280.000000 266202906624.000000
FRAME
621528.312500 7922721.000000
83698835456.000000 -102920724480.000000
44272132096.000000 -137934487552.000000
97577216.000000 166054641664.000000
-25230098432.000000 266002268160.000000
FRAME
637499.125000 8061580.000000
101138456576.000000 -83827097600.000000
67994648576.000000 -128053968896.000000
-24483766272.000000 164624449536.000000
-63776739328.000000 260276715520.000000
FRAME
657900.812500 8200669.000000
114205335552.000000 -61044387840.000000
89549144064.000000 -114000969728.000000
-48566398976.000000 159657476096.000000
-101070995456.000000 249182748672.000000
FRAME
682997.437500 8340817.000000
122107609088.000000 -35444002816.000000
108231434240.000000 -96224051200.000000
-71640727552.000000 151283679232.000000
-136363606016.000000 232992505856.000000
FRAME
712927.812500 8482936.000000
124167954432.000000 -8093853696.000000
123420131328.000000 -75285454848.000000
-93227663360.000000 139706810368.000000
-168963997696.000000 212083474432.000000
FRAME
747685.562500 8628011.000000
119882801152.000000 19724677120.000000
134594592768.000000 -51849375744.000000
-112889413632.000000 125197533184.000000
-198255149056.000000 186925776896.000000
FRAME
787089.687500 8777097.000000
109007888384.000000 46518628352.000000
141352566784.000000 -26666989568.000000
-130238603264.000000 108084731904.000000
-223705726976.000000 158066868224.000000
FRAME
830749.000000 8931293.000000
91667095552.000000 70623920128.000000
143426732032.000000 -557874688.000000
-144945594368.000000 88745828352.000000
-244878508032.000000 126115225600.000000
FRAME
878023.937500 9091707.000000
68466999296.000000 90307493888.000000
140699107328.000000 25612791808.000000
-156743778304.000000 67596238848.000000
-261436145664.000000 91723505664.000000
FRAME
927996.437500 9259384.000000
40578850816.000000 103946698752.000000
133211987968.000000 50961244160.000000
-165432852480.000000 45078691840.000000
-273143070720.000000 55571570688.000000
FRAME
979460.812500 9435231.000000
9732268032.000000 110273323008.000000
121173901312.000000 74615947264.000000
-170880368640.000000 21652445184.000000
-279864803328.000000 18350405632.000000
FRAME
1030948.312500 9619929.000000
-21928159232.000000 108624158720.000000
104958795776.000000 95751233536.000000
-173021331456.000000 -2217074688.000000
-281564872704.000000 -19252813824.000000
FRAME
1080788.375000 9813840.000000
-52121960448.000000 99103072256.000000
85097611264.000000 113621860352.000000
-171856560128.000000 -26067922944.000000
-278299279360.000000 -56568061952.000000
FRAME
1127197.750000 10016964.000000
-78772224000.000000 82574172160.000000
62260809728.000000 127596404736.000000
-167449427968.000000 -49450496000.000000
-270209941504.000000 -92954091520.000000
FRAME
1168376.750000 10228920.000000
-100287324160.000000 60480729088.000000
37232803840.000000 137186541568.000000
-159921864704.000000 -71935418368.000000
-257516797952.000000 -127808217088.000000
FRAME
1202598.000000 10448957.000000
-115698081792.000000 34566856704.000000
10878741504.000000 142069792768.000000
-149449506816.000000 -93120356352.000000
-240508665856.000000 -160574242816.000000
FRAME
1228281.250000 10675977.000000
-124641517568.000000 6607054336.000000
-15893833728.000000 142103396352.000000
-136256176128.000000 -112635895808.000000
-219534557184.000000 -190748753920.000000
FRAME
1244054.125000 10908582.000000
-127244337152.000000 -21785999360.000000
-42175713280.000000 137327747072.000000
-120607973376.000000 -130150318080.000000
-194994831360.000000 -217885704192.000000
FRAME
1248806.250000 11145118.000000
-123973271552.000000 -49259589632.000000
-67095875584.000000 127959654400.000000
-102807339008.000000 -145373495296.000000
-167331659776.000000 -241599709184.000000
FRAME
1241736.250000 11383719.000000
-115498729472.000000 -74745217024.000000
-89857409024.000000 114375778304.000000
-83186876416.000000 -158059839488.000000
-137020932096.000000 -261568036864.000000
FRAME
1222386.125000 11622381.000000
-102591619072.000000 -97439006720.000000
-109766918144.000000 97088585728.000000
-62103162880.000000 -168010547200.000000
-104563884032.000000 -277531820032.000000
FRAME
1190665.125000 11859027.000000
-86054813696.000000 -116763140096.000000
-126256087040.000000 76717113344.000000
-39930675200.000000 -175075000320.000000
-70479527936.000000 -289296121856.000000
FRAME
1146854.875000 12091575.000000
-66682433536.000000 -132323803136.000000
-138894606336.000000 53955530752.000000
-17055910912.000000 -179151585280.000000
-35297370112.000000 -296729411584.000000
FRAME
1091601.000000 12318017.000000
-45238824960.000000 -143873212416.000000
-147395035136.000000 29541650432.000000
6128474624.000000 -180188020736.000000
449334016.000000 -299762745344.000000
FRAME
1025888.500000 12536480.000000
-22450087936.000000 -151278944256.000000
-151610621952.000000 4227746816.000000
29229283328.000000 -178180980736.000000
36229722112.000000 -298388455424.000000
FRAME
951005.437500 12745284.000000
996919296.000000 -154500710400.000000
-151527653376.000000 -21245095936.000000
51858255872.000000 -173175455744.000000
71521255424.000000 -292657725440.000000
FRAME
868499.562500 12942986.000000
24451543040.000000 -153573916672.000000
-147253854208.000000 -46168432640.000000
73637371904.000000 -165263376384.000000
105815244800.000000 -282679148544.000000
FRAME
780128.187500 13128415.000000
47294554112.000000 -148599406592.000000
-139004362752.000000 -69883404288.000000
94204010496.000000 -154582056960.000000
138622009344.000000 -268616007680.000000
FRAME
687807.125000 13300698.000000
68933025792.000000 -139737907200.000000
-127086600192.000000 -91793506304.000000
113215922176.000000 -141312049152.000000
169475768320.000000 -250683850752.000000
FRAME
593558.875000 13459273.000000
88795979776.000000 -127209029632.000000
-111884959744.000000 -111373582336.000000
130356019200.000000 -125674536960.000000
197939494912.000000 -229147574272.000000
FRAME
499463.500000 13603892.000000
106331504640.000000 -111294103552.000000
-93846126592.000000 -128175833088.000000
145336942592.000000 -107928387584.000000
223609552896.000000 -204318343168.000000
FRAME
407610.843750 13734625.000000
121006432256.000000 -92342329344.000000
-73465200640.000000 -141833306112.000000
157905436672.000000 -88366481408.000000
246119727104.000000 -176549986304.000000
FRAME
320056.625000 13851846.000000
132309483520.000000 -70779879424.000000
-51273031680.000000 -152061444096.000000
167846412288.000000 -67311808512.000000
265145909248.000000 -146235195392.000000
FRAME
238781.234375 13956229.000000
139759288320.000000 -47121498112.000000
-27824541696.000000 -158658560000.000000
174986510336.000000 -45112848384.000000
280409800704.000000 -113801617408.000000
FRAME
165651.656250 14048728.000000
142919041024.000000 -21983289344.000000
-3688169472.000000 -161505230848.000000
179197476864.000000 -22138488832.000000
291682713600.000000 -79706898432.000000
FRAME
102384.875000 14130559.000000
141419642880.000000 3905196800.000000
20563912704.000000 -160562954240.000000
180398866432.000000 1227527936.000000
298789568512.000000 -44433752064.000000
FRAME
50513.617188 14203187.000000
134993534976.000000 29693077504.000000
44364972032.000000 -155872591872.000000
178559959040.000000 24592631808.000000
301611220992.000000 -8484225024.000000
FRAME
11353.078125 14268287.000000
123519844352.000000 54409969664.000000
67162505216.000000 -147552370688.000000
173701283840.000000 47561883648.000000
300087902208.000000 27626436608.000000
FRAME
-14030.942383 14327723.000000
107079450624.000000 76985139200.000000
88426831872.000000 -135795507200.000000
165895012352.000000 69744730112.000000
294220922880.000000 63376470016.000000
FRAME
-24851.634766 14383515.000000
86013837312.000000 96292880384.000000
107659755520.000000 -120867397632.000000
155264417792.000000 90761945088.000000
284073852928.000000 98244829184.000000
FRAME
-20626.429688 14437786.000000
60974329856.000000 111231270912.000000
124403310592.000000 -103102119936.000000
141982629888.000000 110252662784.000000
269773471744.000000 131718684672.000000
FRAME
-1194.534912 14492718.000000
32941590528.000000 120833630208.000000
138248716288.000000 -82898157568.000000
126269890560.000000 127881265152.000000
251509211136.000000 163301441536.000000
FRAME
33277.054688 14550500.000000
3193390336.000000 124398649344.000000
148845477888.000000 -60712996864.000000
108390064128.000000 143343960064.000000
229531287552.000000 192520765440.000000
FRAME
82301.453125 14613265.000000
-26792077312.000000 121608126464.000000
155910504448.000000 -37056249856.000000
88645984256.000000 156374859776.000000
204148211712.000000 218936721408.000000
FRAME
145092.500000 14683043.000000
-55487954944.000000 112594214912.000000
159237013504.000000 -12481069056.000000
67373809664.000000 166751387648.000000
175723020288.000000 242149507072.000000
FRAME
220593.078125 14761730.000000
-81490681856.000000 97928568832.000000
158702764032.000000 12426260480.000000
44936568832.000000 174298677248.000000
144667475968.000000 261807030272.000000
FRAME
307503.812500 14851052.000000
-103665508352.000000 78533779456.000000
154277101568.000000 37058871296.000000
21717053440.000000 178893127680.000000
111436218368.000000 277611741184.000000
FRAME
404307.656250 14952547.000000
-121229901824.000000 55546339328.000000
146026250240.000000 60803854336.000000
-1889879040.000000 180464500736.000000
76518965248.000000 289326039040.000000
FRAME
509289.312500 15067555.000000
-133766324224.000000 30173216768.000000
134116237312.000000 83058597888.000000
-25485201408.000000 178997051392.000000
40431812608.000000 296777285632.000000
FRAME
620553.437500 15197177.000000
-141179977728.000000 3574871808.000000
118812565504.000000 103248470016.000000
-48673636352.000000 174529085440.000000
3708242944.000000 299860951040.000000
FRAME
736046.500000 15342269.000000
-143627993088.000000 -23210260480.000000
100476329984.000000 120845139968.000000
-71071350784.000000 167151484928.000000
-33110716416.000000 298542497792.000000
FRAME
853586.187500 15503393.000000
-141443563520.000000 -49301733376.000000
79556231168.000000 135384555520.000000
-92313255936.000000 157004808192.000000
-69486444544.000000 292857315328.000000
FRAME
970900.437500 15680798.000000
-135069597696.000000 -73983746048.000000
56576638976.000000 146483478528.000000
-112059580416.000000 144275734528.000000
-104892481536.000000 282909540352.000000
FRAME
1085675.625000 15874401.000000
-125007519744.000000 -96694059008.000000
32121647104.000000 153853542400.000000
-130001690624.000000 129192009728.000000
-138824007680.000000 268868878336.000000
FRAME
1195612.750000 16083766.000000
-111781257216.000000 -117004574720.000000
6816212480.000000 157311680512.000000
-145866915840.000000 112017203200.000000
-170806525952.000000 250966179840.000000
FRAME
1298486.375000 16308117.000000
-95914237952.000000 -134599827456.000000
-18694909952.000000 156786032640.000000
-159422382080.000000 93044670464.000000
-200403566592.000000 229488033792.000000
FRAME
1392206.000000 16546335.000000
-77915750400.000000 -149256404992.000000
-43769032704.000000 152317067264.000000
-170477830144.000000 72591310848.000000
-227223191552.000000 204769853440.000000
FRAME
1474871.375000 16796998.000000
-58274242560.000000 -160825393152.000000
-67786862592.000000 144053616640.000000
-178887294976.000000 50991177728.000000
-250923270144.000000 177188405248.000000
FRAME
1544823.625000 17058414.000000
-37454737408.000000 -169218015232.000000
-90172047360.000000 132244578304.000000
-184549982208.000000 28589131776.000000
-271215607808.000000 147154075648.000000
FRAME
1600685.375000 17328670.000000
-15899170816.000000 -174394408960.000000
-110407860224.000000 117226627072.000000
-187410071552.000000 5734763520.000000
-287868354560.000000 115102285824.000000
FRAME
1641390.500000 17605676.000000
5971783680.000000 -176355311616.000000
-128050143232.000000 99409240064.000000
-187455782912.000000 -17223407616.000000
-300707250176.000000 81485856768.000000
FRAME
1666201.375000 17887238.000000
27756052480.000000 -175136047104.000000
-142736441344.000000 79258198016.000000
-184717656064.000000 -39943278592.000000
-309615656960.000000 46766796800.000000
FRAME
1674714.875000 18171102.000000
49067200512.000000 -170803003392.000000
-154191052800.000000 57278390272.000000
-179266519040.000000 -62094016512.000000
-314533543936.000000 11409012736.000000
FRAME
1666858.875000 18455006.000000
69531492352.000000 -163451617280.000000
-162226274304.000000 33997295616.000000
-171210604544.000000 -83360366592.000000
-315455111168.000000 -24128618496.000000
FRAME
1642878.000000 18736740.000000
88785313792.000000 -153206095872.000000
-166740819968.000000 9949444096.000000
-160692682752.000000 -103446495232.000000
-312426758144.000000 -59398426624.000000
FRAME
1603314.250000 19014184.000000
106473078784.000000 -140220727296.000000
-167715340288.000000 -14337179648.000000
-147886669824.000000 -122079133696.000000
-305543118848.000000 -93969367040.000000
FRAME
1548980.250000 19285340.000000
122245922816.000000 -124682469376.000000
-165206425600.000000 -38352777216.000000
-132994220032.000000 -139010392064.000000
-294943260672.000000 -127431802880.000000
FRAME
1480931.625000 19548378.000000
135761469440.000000 -106814906368.000000
-159339085824.000000 -61615259648.000000
-116241154048.000000 -154019938304.000000
-280806883328.000000 -159401312256.000000
FRAME
1400435.500000 19801640.000000
146685083648.000000 -86883557376.000000
-150299000832.000000 -83677749248.000000
-97873870848.000000 -166916767744.000000
-263349501952.000000 -189522051072.000000
FRAME
1308938.875000 20043682.000000
154692976640.000000 -65202176000.000000
-138324148224.000000 -104134205440.000000
-78155743232.000000 -177540644864.000000
-242818809856.000000 -217469255680.000000
FRAME
1208036.500000 20273276.000000
159477940224.000000 -42140065792.000000
-123696824320.000000 -122623434752.000000
-57363611648.000000 -185762971648.000000
-219489828864.000000 -242951094272.000000
FRAME
1099440.750000 20489410.000000
160758513664.000000 -18129694720.000000
-106735960064.000000 -138831822848.000000
-35784175616.000000 -191487508480.000000
-193660780544.000000 -265710239744.000000
FRAME
984950.625000 20691314.000000
158292443136.000000 6326167552.000000
-87789953024.000000 -152494981120.000000
-13710694400.000000 -194650750976.000000
-165649186816.000000 -285524656128.000000
FRAME
866421.562500 20878448.000000
151895097344.000000 30649333760.000000
-67229876224.000000 -163398533120.000000
8560441344.000000 -195221897216.000000
-135787888640.000000 -302208352256.000000
FRAME
745736.687500 21050516.000000
141463879680.000000 54185431040.000000
-45443563520.000000 -171378393088.000000
30732947456.000000 -193202733056.000000
-104421277696.000000 -315611381760.000000
FRAME
624778.625000 21207454.000000
127007809536.000000 76210667520.000000
-22829842432.000000 -176320495616.000000
52513861632.000000 -188627091456.000000
-71901904896.000000 -325619646464.000000
FRAME
505401.406250 21349420.000000
108680757248.000000 95950069760.000000
206579200.000000 -178160435200.000000
73616621568.000000 -181560360960.000000
-38587236352.000000 -332154896384.000000
FRAME
389403.812500 21476792.000000
86813687808.000000 112610942976.000000
23259996160.000000 -176882728960.000000
93764173824.000000 -172098453504.000000
-4836487168.000000 -335173943296.000000
FRAME
278504.750000 21590152.000000
61938561024.000000 125433937920.000000
45928341504.000000 -172519997440.000000
112691879936.000000 -160366739456.000000
28992245760.000000 -334668201984.000000
FRAME
174322.656250 21690272.000000
34794164224.000000 133759574016.000000
67817668608.000000 -165152161792.000000
130150416384.000000 -146518654976.000000
62544773120.000000 -330662969344.000000
FRAME
78359.546875 21778078.000000
6303943680.000000 137102352384.000000
88546623488.000000 -154905313280.000000
145908629504.000000 -130734211072.000000
95473467392.000000 -323216048128.000000
FRAME
-8009.295410 21854658.000000
-22479058944.000000 135217602560.000000
107750989824.000000 -141950517248.000000
159756189696.000000 -113218002944.000000
127439699968.000000 -312417288192.000000
FRAME
-83540.664062 21921220.000000
-50455986176.000000 128143417344.000000
125088235520.000000 -126502502400.000000
171506221056.000000 -94197161984.000000
158116315136.000000 -298387210240.000000
FRAME
-147126.468750 21979094.000000
-76579725312.000000 116204183552.000000
140242386944.000000 -108817727488.000000
180997734400.000000 -73918930944.000000
187189952512.000000 -281275891712.000000
FRAME
-197797.875000 22029718.000000
-99945029632.000000 99972685824.000000
152928894976.000000 -89192308736.000000
188097904640.000000 -52647989248.000000
214363275264.000000 -261261918208.000000
FRAME
-234733.546875 22074636.000000
-119852154880.000000 80200736768.000000
162899738624.000000 -67959083008.000000
192704036864.000000 -30663462912.000000
239357296640.000000 -238550712320.000000
FRAME
-257273.031250 22115490.000000
-135834574848.000000 57736462336.000000
169948692480.000000 -45484195840.000000
194745434112.000000 -8255640576.000000
261913673728.000000 -213372993536.000000
FRAME
-264935.125000 22154022.000000
-147652837376.000000 33446514688.000000
173916307456.000000 -22162681856.000000
194184904704.000000 14277560320.000000
281796378624.000000 -185983500288.000000
FRAME
-257438.046875 22192048.000000
-155264516096.000000 8155468288.000000
174694825984.000000 1586915072.000000
191019597824.000000 36634411008.000000
298794516480.000000 -156658827264.000000
FRAME
-234719.625000 22231436.000000
-158782685184.000000 -17393270784.000000
172232900608.000000 25328932864.000000
185281937408.000000 58513395712.000000
312723668992.000000 -125695344640.000000
FRAME
-196954.312500 22274092.000000
-158432755712.000000 -42556841984.000000
166539100160.000000 48618119168.000000
177039654912.000000 79617400832.000000
323428450304.000000 -93407412224.000000
FRAME
-144565.468750 22321908.000000
-154514161664.000000 -66797375488.000000
157684842496.000000 71008206848.000000
166395379712.000000 99657973760.000000
330784079872.000000 -60124602368.000000
FRAME
-78231.304688 22376740.000000
-147369852928.000000 -89676922880.000000
145805819904.000000 92061384704.000000
153485819904.000000 118359687168.000000
334697889792.000000 -26189152256.000000
FRAME
1116.152344 22440350.000000
-137363488768.000000 -110847139840.000000
131101990912.000000 111358566400.000000
138480140288.000000 135464452096.000000
335111618560.000000 8047067648.000000
FRAME
92299.781250 22514396.000000
-124863627264.000000 -130037161984.000000
113835294720.000000 128509829120.000000
121577832448.000000 150735552512.000000
332001935360.000000 42225676288.000000
FRAME
193913.937500 22600362.000000
-110233640960.000000 -147041353728.000000
94325661696.000000 143165030400.000000
103006076928.000000 163961503744.000000
325382406144.000000 75985240064.000000
FRAME
304348.656250 22699540.000000
-93825712128.000000 -161708179456.000000
72944631808.000000 155023605760.000000
83016302592.000000 174959738880.000000
315303231488.000000 108965019648.000000
FRAME
421821.062500 22812976.000000
-75977613312.000000 -173930627072.000000
50107060224.000000 163843375104.000000
61880528896.000000 183579377664.000000
301852491776.000000 140808749056.000000
FRAME
544412.750000 22941478.000000
-57011744768.000000 -183637983232.000000
26260867072.000000 169447735296.000000
39887052800.000000 189703946240.000000
285155622912.000000 171168890880.000000
FRAME
670112.125000 23085562.000000
-37235322880.000000 -190789664768.000000
1875487744.000000 171730632704.000000
17335914496.000000 193253212160.000000
265375350784.000000 199710736384.000000
FRAME
796859.375000 23245460.000000
-16941374464.000000 -195370008576.000000
-22570635264.000000 170659332096.000000
-5465977856.000000 194184265728.000000
242710052864.000000 226116632576.000000
FRAME
922593.125000 23421114.000000
3589741824.000000 -197384519680.000000
-46602743808.000000 166274416640.000000
-28209795072.000000 192492044288.000000
217392545792.000000 250090323968.000000
FRAME
1045296.250000 23612182.000000
24088625152.000000 -196857184256.000000
-69762129920.000000 158687215616.000000
-50589769728.000000 188209037312.000000
189687824384.000000 271361048576.000000
FRAME
1163038.500000 23818044.000000
44295041024.000000 -193828569088.000000
-91617517568.000000 148075036672.000000
-72308023296.000000 181404254208.000000
159889981440.000000 289687404544.000000
FRAME
1274015.125000 24037838.000000
63956164608.000000 -188354854912.000000
-111775014912.000000 134674202624.000000
-93079199744.000000 172181749760.000000
128319209472.000000 304860954624.000000
FRAME
1376580.375000 24270480.000000
82824929280.000000 -180507525120.000000
-129886142464.000000 118771728384.000000
-112634617856.000000 160678150144.000000
95317622784.000000 316709470208.000000
FRAME
1469273.625000 24514686.000000
100658601984.000000 -170373808128.000000
-145653891072.000000 100695793664.000000
-130726174720.000000 147059916800.000000
61245034496.000000 325099520000.000000
FRAME
1550840.125000 24769026.000000
117217599488.000000 -158057611264.000000
-158836768768.000000 80805912576.000000
-147129565184.000000 131520053248.000000
26474037248.000000 329938567168.000000
FRAME
1620244.250000 25031946.000000
132264615936.000000 -143681257472.000000
-169250619392.000000 59483041792.000000
-161647034368.000000 114274484224.000000
-8614913024.000000 331176476672.000000
FRAME
1676676.625000 25301792.000000
145564221440.000000 -127387664384.000000
-176768860160.000000 37120114688.000000
-174109491200.000000 95558246400.000000
-43638857728.000000 328805842944.000000
FRAME
1719555.875000 25576880.000000
156883206144.000000 -109343277056.000000
-181320941568.000000 14113286144.000000
-184378048512.000000 75621441536.000000
-78217666560.000000 322862252032.000000
FRAME
1748524.500000 25855488.000000
165991350272.000000 -89741524992.000000
-182889758720.000000 -9145849856.000000
-192344932352.000000 54725226496.000000
-111979126784.000000 313423233024.000000
FRAME
1763442.750000 26135908.000000
172663554048.000000 -68806926336.000000
-181508145152.000000 -32276969472.000000
-197933907968.000000 33137854464.000000
-144564207616.000000 300606816256.000000
FRAME
1764376.250000 26416466.000000
176683204608.000000 -46799601664.000000
-177254580224.000000 -54916661248.000000
-201100148736.000000 11130829824.000000
-175631548416.000000 284569239552.000000
FRAME
1751583.625000 26695548.000000
177847140352.000000 -24020033536.000000
-170248667136.000000 -76722962432.000000
-201829646336.000000 -11024742400.000000
-204862078976.000000 265501999104.000000
FRAME
1725501.125000 26971616.000000
175973007360.000000 -813805056.000000
-160646430720.000000 -97378967552.000000
-200138227712.000000 -33061562368.000000
-231962361856.000000 243628343296.000000
FRAME
1686725.000000 27243222.000000
170909106176.000000 22424440832.000000
-148635615232.000000 -116595499008.000000
-196070293504.000000 -54719246336.000000
-256668090368.000000 219199799296.000000
FRAME
1635994.625000 27509032.000000
162547269632.000000 45248675840.000000
-134431203328.000000 -134113050624.000000
-189697114112.000000 -75747172352.000000
-278746693632.000000 192491814912.000000
FRAME
1574173.375000 27767828.000000
150838820864.000000 67162128384.000000
-118271000576.000000 -149703098368.000000
-181115027456.000000 -95906979840.000000
-297998942208.000000 163799498752.000000
FRAME
1502230.125000 28018524.000000
135813627904.000000 87622680576.000000
-100411703296.000000 -163168976896.000000
-170443489280.000000 -114974760960.000000
-314260914176.000000 133433163776.000000
FRAME
1421219.500000 28260162.000000
117600649216.000000 106055041024.000000
-81125146624.000000 -174346272768.000000
-157822943232.000000 -132743012352.000000
-327403700224.000000 101714116608.000000
FRAME
1332264.875000 28491926.000000
96447700992.000000 121871491072.000000
-60694786048.000000 -183102947328.000000
-143412625408.000000 -149022146560.000000
-337334239232.000000 68970233856.000000
FRAME
1236540.750000 28713122.000000
72736899072.000000 134502580224.000000
-39412555776.000000 -189339303936.000000
-127388393472.000000 -163641982976.000000
-343994531840.000000 35531890688.000000
FRAME
1135257.125000 28923196.000000
46990528512.000000 143436726272.000000
-17575917568.000000 -192987791360.000000
-109940359168.000000 -176452648960.000000
-347361181696.000000 1728318464.000000
FRAME
1029648.062500 29121712.000000
19862380544.000000 148265435136.000000
4514962432.000000 -194012758016.000000
-91270750208.000000 -187325497344.000000
-347443560448.000000 -32116068352.000000
FRAME
920962.750000 29308366.000000
-7889054720.000000 148727316480.000000
26559823872.000000 -192410042368.000000
-71591698432.000000 -196153868288.000000
-344282234880.000000 -65684795392.000000
FRAME
810459.625000 29482956.000000
-35445186560.000000 144742023168.000000
48260874240.000000 -188206546944.000000
-51123007488.000000 -202853367808.000000
-337947525120.000000 -98672123904.000000
FRAME
699403.562500 29645390.000000
-61984456704.000000 136425889792.000000
69325266944.000000 -181459927040.000000
-30090072064.000000 -207362146304.000000
-328536948736.000000 -130785615872.000000
FRAME
589063.062500 29795698.000000
-86742466560.000000 124084125696.000000
89467699200.000000 -172258033664.000000
-8721732608.000000 -209641160704.000000
-316173123584.000000 -161748123648.000000
FRAME
480705.875000 29934014.000000
-109063880704.000000 108180946944.000000
108412862464.000000 -160718471168.000000
12751728640.000000 -209674027008.000000
-301001736192.000000 -191299551232.000000
FRAME
375593.125000 30060608.000000
-128437673984.000000 89294159872.000000
125898178560.000000 -146987794432.000000
34100600832.000000 -207466889216.000000
-283188920320.000000 -219198390272.000000
FRAME
274968.093750 30175866.000000
-144511827968.000000 68063866880.000000
141676494848.000000 -131240910848.000000
55097712640.000000 -203048189952.000000
-262919159808.000000 -245222965248.000000
FRAME
180043.015625 30280308.000000
-157089300480.000000 45144494080.000000
155518959616.000000 -113679974400.000000
75520327680.000000 -196468195328.000000
-240392830976.000000 -269172113408.000000
FRAME
91982.843750 30374586.000000
-166110347264.000000 21166323712.000000
167218036736.000000 -94533222400.000000
95152062464.000000 -187798503424.000000
-215824072704.000000 -290865807360.000000
FRAME
11887.868164 30459494.000000
-171627446272.000000 -3290907136.000000
176590536704.000000 -74053345280.000000
113784725504.000000 -177131388928.000000
-189438623744.000000 -310146170880.000000
FRAME
-59224.140625 30535938.000000
-173778567168.000000 -27712970752.000000
183480877056.000000 -52515504128.000000
131220070400.000000 -164579033088.000000
-161471758336.000000 -326876921856.000000
FRAME
-120435.289062 30604956.000000
-172761939968.000000 -51656769536.000000
187764178944.000000 -30214901760.000000
147271680000.000000 -150272557056.000000
-132166418432.000000 -340943765504.000000
FRAME
-170944.046875 30667684.000000
-168814985216.000000 -74749444096.000000
189349412864.000000 -7463738368.000000
161766572032.000000 -134361071616.000000
-101771345920.000000 -352254885888.000000
FRAME
-210080.343750 30725372.000000
-162197733376.000000 -96683491328.000000
188182216704.000000 15412345856.000000
174547009536.000000 -117010464768.000000
-70539247616.000000 -360740093952.000000
FRAME
-237319.031250 30779330.000000
-153180274688.000000 -117209694208.000000
184247713792.000000 38078513152.000000
185472040960.000000 -98401992704.000000
-38725140480.000000 -366351155200.000000
FRAME
-252291.406250 30830940.000000
-142034075648.000000 -136129585152.000000
177572577280.000000 60195553280.000000
194419048448.000000 -78730780672.000000
-6584848384.000000 -369061068800.000000
FRAME
-254794.562500 30881626.000000
-129026236416.000000 -153287884800.000000
168226521088.000000 81425342464.000000
201285173248.000000 -58204200960.000000
25626578944.000000 -368863936512.000000
FRAME
-244797.812500 30932832.000000
-114415853568.000000 -168565587968.000000
156323282944.000000 101436768256.000000
205988659200.000000 -37039939584.000000
57656270848.000000 -365774897152.000000
FRAME
-222446.359375 30986000.000000
-98452037632.000000 -181874049024.000000
142020149248.000000 119912038400.000000
208470114304.000000 -15464018944.000000
89254912000.000000 -359828881408.000000
FRAME
-188061.562500 31042556.000000
-81373175808.000000 -193149779968.000000
125517053952.000000 136553283584.000000
208693411840.000000 6291408896.000000
120178040832.000000 -351080808448.000000
FRAME
-142137.640625 31103872.000000
-63406882816.000000 -202350247936.000000
107053981696.000000 151089004544.000000
206646509568.000000 27990437888.000000
150187311104.000000 -339604930560.000000
FRAME
-85334.531250 31171242.000000
-44770508800.000000 -209450434560.000000
86907355136.000000 163280388096.000000
202342203392.000000 49395900416.000000
179051888640.000000 -325494308864.000000
FRAME
-18467.003906 31245876.000000
-25671923712.000000 -214439985152.000000
65385259008.000000 172926926848.000000
195818160128.000000 70272000000.000000
206549581824.000000 -308859764736.000000
FRAME
57509.617188 31328864.000000
-6310526976.000000 -217321193472.000000
42821623808.000000 179871399936.000000
187137163264.000000 90387038208.000000
232467988480.000000 -289829879808.000000
FRAME
141517.156250 31421166.000000
13121639424.000000 -218107363328.000000
19569295360.000000 184003575808.000000
176386703360.000000 109516177408.000000
256605814784.000000 -268550209536.000000
FRAME
232374.828125 31523590.000000
32438788096.000000 -216821645312.000000
-4007353088.000000 185262866432.000000
163678535680.000000 127444287488.000000
278773956608.000000 -245181939712.000000
FRAME
328821.500000 31636790.000000
51460263936.000000 -213496348672.000000
-27540295680.000000 183639457792.000000
149147369472.000000 143968649216.000000
298796843008.000000 -219901820928.000000
FRAME
429539.093750 31761256.000000
70009479168.000000 -208172580864.000000
-50665762816.000000 179173834752.000000
132949819392.000000 158901731328.000000
316513386496.000000 -192900890624.000000
FRAME
533176.687500 31897300.000000
87912939520.000000 -200900165632.000000
-73031892992.000000 171955159040.000000
115262570496.000000 172073680896.000000
331778293760.000000 -164383686656.000000
FRAME
638373.937500 32045070.000000
104999272448.000000 -191738036224.000000
-94305763328.000000 162118041600.000000
96280289280.000000 183334682624.000000
344463310848.000000 -134567002112.000000
FRAME
743783.250000 32204550.000000
121098551296.000000 -180754726912.000000
-114179702784.000000 149838528512.000000
76213321728.000000 192557056000.000000
354458009600.000000 -103678820352.000000
FRAME
848091.250000 32375564.000000
136041562112.000000 -168029339648.000000
-132376428544.000000 135328677888.000000
55285006336.000000 199637057536.000000
361671426048.000000 -71957053440.000000
FRAME
950036.562500 32557786.000000
149659402240.000000 -153652723712.000000
-148653228032.000000 118831144960.000000
33728800768.000000 204496338944.000000
366032322560.000000 -39648067584.000000
FRAME
1048426.812500 32750762.000000
161783382016.000000 -137728983040.000000
-162804793344.000000 100612792320.000000
11785165824.000000 207082979328.000000
367490760704.000000 -7005138944.000000
FRAME
1142152.375000 32953908.000000
172244844544.000000 -120377425920.000000
-174664990720.000000 80958660608.000000
-10301617152.000000 207372140544.000000
366018953216.000000 25713256448.000000
FRAME
1230197.125000 33166532.000000
180875952128.000000 -101734719488.000000
-184107450368.000000 60165799936.000000
-32286724096.000000 205366132736.000000
361611526144.000000 58245193728.000000
FRAME
1311647.250000 33387850.000000
187510489088.000000 -81957371904.000000
-191045287936.000000 38537609216.000000
-53928038400.000000 201094365184.000000
354286632960.000000 90327384064.000000
FRAME
1385698.875000 33617004.000000
191985696768.000000 -61224669184.000000
-195430055936.000000 16378450944.000000
-74989289472.000000 194612559872.000000
344086085632.000000 121697107968.000000
FRAME
1451660.500000 33853068.000000
194144681984.000000 -39741685760.000000
-197249794048.000000 -6010973184.000000
-95243100160.000000 186001702912.000000
331075944448.000000 152094490624.000000
FRAME
1508956.500000 34095064.000000
193840087040.000000 -17742458880.000000
-196526915584.000000 -28337790976.000000
-114473820160.000000 175366455296.000000
315346321408.000000 181264957440.000000
FRAME
1557127.125000 34342004.000000
190939021312.000000 4506889216.000000
-193315471360.000000 -50320429056.000000
-132480040960.000000 162833612800.000000
297011183616.000000 208961421312.000000
FRAME
1595827.875000 34592848.000000
185329434624.000000 26705541120.000000
-187698364416.000000 -71691493376.000000
-149076852736.000000 148549763072.000000
276208222208.000000 234946838528.000000
FRAME
1624826.125000 34846568.000000
176928571392.000000 48516317184.000000
-179784531968.000000 -92200091648.000000
-164097769472.000000 132679139328.000000
253097623552.000000 258996469760.000000
FRAME
1643996.875000 35102136.000000
165693112320.000000 69565669376.000000
-169705816064.000000 -111613648896.000000
-177396318208.000000 115401072640.000000
227861151744.000000 280900698112.000000
FRAME
1653318.750000 35358528.000000
151631118336.000000 89446285312.000000
-157614342144.000000 -129719238656.000000
-188847243264.000000 96907485184.000000
200701247488.000000 300467060736.000000
FRAME
1652867.125000 35614764.000000
134815440896.000000 107723407360.000000
-143679635456.000000 -146324537344.000000
-198347374592.000000 77400186880.000000
171838668800.000000 317522280448.000000
FRAME
1642807.000000 35869884.000000
115396894720.000000 123945902080.000000
-128086122496.000000 -161258602496.000000
-205816152064.000000 57088266240.000000
141511163904.000000 331915165696.000000
FRAME
1623385.875000 36122968.000000
93616480256.000000 137663119360.000000
-111030657024.000000 -174372126720.000000
-211195674624.000000 36185456640.000000
109970833408.000000 343517724672.000000
FRAME
1594927.125000 36373124.000000
69813190656.000000 148447526912.000000
-92720340992.000000 -185537740800.000000
-214450765824.000000 14907658240.000000
77481869312.000000 352226869248.000000
FRAME
1557823.875000 36619524.000000
44425101312.000000 155922333696.000000
-73370411008.000000 -194650062848.000000
-215568498688.000000 -6529444864.000000
44317696000.000000 357966053376.000000
FRAME
1512533.750000 36861376.000000
17980803072.000000 159791398912.000000
-53202300928.000000 -201625616384.000000
-214557523968.000000 -27912638464.000000
10758201344.000000 360686125056.000000
FRAME
1459575.500000 37097940.000000
-8920293376.000000 159867518976.000000
-32441903104.000000 -206402748416.000000
-211447283712.000000 -49033248768.000000
-22913357824.000000 360365522944.000000
FRAME
1399527.125000 37328512.000000
-35638173696.000000 156093710336.000000
-11317831680.000000 -208941465600.000000
-206286995456.000000 -69689040896.000000
-56413384704.000000 357011062784.000000
FRAME
1333025.625000 37552452.000000
-61529812992.000000 148553367552.000000
9940133888.000000 -209223204864.000000
-199144488960.000000 -89685925888.000000
-89461080064.000000 350657675264.000000
FRAME
1260764.750000 37769164.000000
-85988753408.000000 137466200064.000000
31102572544.000000 -207250702336.000000
-190104895488.000000 -108839493632.000000
-121781403648.000000 341367488512.000000
FRAME
1183495.000000 37978132.000000
-108480413696.000000 123170545664.000000
51941937152.000000 -203047763968.000000
-179269386240.000000 -126976327680.000000
-153108070400.000000 329229107200.000000
FRAME
1102019.750000 38178896.000000
-128568041472.000000 106095288320.000000
72234016768.000000 -196658970624.000000
-166753763328.000000 -143935193088.000000
-183186243584.000000 314356629504.000000
FRAME
1017189.250000 38371080.000000
-145926635520.000000 86726631424.000000
91759460352.000000 -188149514240.000000
-152686936064.000000 -159568019456.000000
-211775242240.000000 296887091200.000000
FRAME
929894.125000 38554392.000000
-160344621056.000000 65575084032.000000
110305247232.000000 -177604935680.000000
-137209602048.000000 -173740703744.000000
-238650638336.000000 276979679232.000000
FRAME
841055.125000 38728636.000000
-171715936256.000000 43146948608.000000
127666339840.000000 -165130846208.000000
-120472649728.000000 -186333872128.000000
-263606321152.000000 254813011968.000000
FRAME
751612.562500 38893696.000000
-180025769984.000000 19922493440.000000
143647309824.000000 -150852501504.000000
-102635790336.000000 -197243322368.000000
-286456184832.000000 230582648832.000000
FRAME
662515.062500 39049588.000000
-185333202944.000000 -3658471168.000000
158064001024.000000 -134914359296.000000
-83866116096.000000 -206380564480.000000
-307035471872.000000 204498927616.000000
FRAME
574708.437500 39196408.000000
-187753725952.000000 -27204470784.000000
170745479168.000000 -117479489536.000000
-64336670720.000000 -213673017344.000000
-325202051072.000000 176784375808.000000
FRAME
489123.500000 39334344.000000
-187443249152.000000 -50375036928.000000
181535850496.000000 -98728910848.000000
-44225044480.000000 -219064320000.000000
-340836515840.000000 147670990848.000000
FRAME
406665.656250 39463700.000000
-184584536064.000000 -72879661056.000000
190296211456.000000 -78860476416.000000
-23712032768.000000 -222514413568.000000
-353842724864.000000 117397913600.000000
FRAME
328203.687500 39584872.000000
-179376373760.000000 -94474502144.000000
196906844160.000000 -58087854080.000000
-2980315136.000000 -223999524864.000000
-364148195328.000000 86208741376.000000
FRAME
254559.500000 39698336.000000
-172025315328.000000 -114957836288.000000
201269018624.000000 -36638920704.000000
17786884096.000000 -223512199168.000000
-371703906304.000000 54349234176.000000
FRAME
186498.406250 39804660.000000
-162739585024.000000 -134164979712.000000
203307204608.000000 -14754069504.000000
38407065600.000000 -221061169152.000000
-376483053568.000000 22065086464.000000
FRAME
124719.593750 39904488.000000
-151725031424.000000 -151963336704.000000
202970923008.000000 7315964928.000000
58699718656.000000 -216671191040.000000
-378481246208.000000 -10400297984.000000
FRAME
69847.523438 39998536.000000
-139182309376.000000 -168247721984.000000
200236793856.000000 29312610304.000000
78487568384.000000 -210382618624.000000
-377714999296.000000 -42807672832.000000
FRAME
22423.919922 40087588.000000
-125305200640.000000 -182936174592.000000
195109781504.000000 50972344320.000000
97597775872.000000 -202251304960.000000
-374221209600.000000 -74923720704.000000
FRAME
-17099.234375 40172472.000000
-110279876608.000000 -195966222336.000000
187624816640.000000 72029945856.000000
115863191552.000000 -192348110848.000000
-368055910400.000000 -106522640384.000000
FRAME
-48365.667969 40254068.000000
-94284513280.000000 -207291875328.000000
177847468032.000000 92222119936.000000
133123522560.000000 -180758396928.000000
-359292567552.000000 -137387442176.000000
FRAME
-71119.437500 40333280.000000
-77489455104.000000 -216880922624.000000
165874614272.000000 111291359232.000000
149226455040.000000 -167581515776.000000
-348021161984.000000 -167311310848.000000
FRAME
-85208.093750 40411044.000000
-60057591808.000000 -224712769536.000000
151834017792.000000 128990158848.000000
164028907520.000000 -152930205696.000000
-334346944512.000000 -196098523136.000000
FRAME
-90584.070312 40488276.000000
-42144890880.000000 -230776717312.000000
135883751424.000000 145085202432.000000
177398038528.000000 -136929804288.000000
-318388994048.000000 -223565250560.000000
FRAME
-87304.453125 40565908.000000
-23901071360.000000 -235070488576.000000
118210560000.000000 159361630208.000000
189212491776.000000 -119717511168.000000
-300278710272.000000 -249540411392.000000
FRAME
-75528.640625 40644836.000000
-5470322688.000000 -237599096832.000000
99027746816.000000 171627233280.000000
199363346432.000000 -101441470464.000000
-280158568448.000000 -273866129408.000000
FRAME
-55514.242188 40725936.000000
13007987712.000000 -238374141952.000000
78572167168.000000 181716140032.000000
207755132928.000000 -82259763200.000000
-258181234688.000000 -296398061568.000000
FRAME
-27611.068359 40810032.000000
31398555648.000000 -237413056512.000000
57100603392.000000 189492314112.000000
214306865152.000000 -62339252224.000000
-234507468800.000000 -317006315520.000000
FRAME
7746.456055 40897900.000000
49569447936.000000 -234738712576.000000
34885611520.000000 194852388864.000000
218953039872.000000 -41854455808.000000
-209305665536.000000 -335574695936.000000
FRAME
50048.343750 40990240.000000
67391385600.000000 -230379356160.000000
12210769920.000000 197727633408.000000
221644144640.000000 -20986126336.000000
-182750216192.000000 -352001490944.000000
FRAME
98719.179688 41087692.000000
84737105920.000000 -224368427008.000000
-10634297344.000000 198085394432.000000
222347689984.000000 80121728.000000
-155020689408.000000 -366199406592.000000
FRAME
153129.046875 41190816.000000
101480808448.000000 -216744738816.000000
-33359116288.000000 195929374720.000000
221048619008.000000 21155389440.000000
-126300536832.000000 -378095566848.000000
FRAME
212604.656250 41300084.000000
117497503744.000000 -207552724992.000000
-55677517824.000000 191299289088.000000
217749880832.000000 42049122304.000000
-96776454144.000000 -387631251456.000000
FRAME
276440.593750 41415892.000000
132662599680.000000 -196842995712.000000
-77312581632.000000 184269537280.000000
212472692736.000000 62570827776.000000
-66636963840.000000 -394762092544.000000
FRAME
343910.218750 41538564.000000
146851446784.000000 -184672763904.000000
-98001231872.000000 174947024896.000000
205256671232.000000 82531876864.000000
-36071694336.000000 -399457746944.000000
FRAME
414275.562500 41668324.000000
159939067904.000000 -171106844672.000000
-117498380288.000000 163468476416.000000
196159815680.000000 101747392512.000000
-5270596608.000000 -401701634048.000000
FRAME
486796.812500 41805316.000000
171799904256.000000 -156218359808.000000
-135580352512.000000 149997125632.000000
185258295296.000000 120038072320.000000
25576992768.000000 -401491001344.000000
FRAME
560740.375000 41949616.000000
182307799040.000000 -140090064896.000000
-152047681536.000000 134718939136.000000
172645875712.000000 137232154624.000000
56283131904.000000 -398836596736.000000
FRAME
635385.937500 42101232.000000
191336054784.000000 -122815643648.000000
-166727270400.000000 117838733312.000000
158433411072.000000 153167233024.000000
86662053888.000000 -393762209792.000000
FRAME
710032.625000 42260112.000000
198757941248.000000 -104501198848.000000
-179473727488.000000 99576037376.000000
142747762688.000000 167692107776.000000
116530921472.000000 -386304737280.000000
FRAME
784003.812500 42426108.000000
204447285248.000000 -85266997248.000000
-190170136576.000000 80161112064.000000
125730750464.000000 180668596224.000000
145710514176.000000 -376513658880.000000
FRAME
856651.437500 42599044.000000
208279568384.000000 -65249472512.000000
-198728105984.000000 59830972416.000000
107537760256.000000 191972950016.000000
174026031104.000000 -364450906112.000000
FRAME
927358.937500 42778700.000000
210133565440.000000 -44603248640.000000
-205087309824.000000 38825893888.000000
88336244736.000000 201497575424.000000
201307717632.000000 -350190534656.000000
FRAME
995544.187500 42964788.000000
209893474304.000000 -23503337472.000000
-209214652416.000000 17385943040.000000
68303888384.000000 209152262144.000000
227391537152.000000 -333818331136.000000
FRAME
1060661.625000 43156992.000000
207451963392.000000 -2147332864.000000
-211102941184.000000 -4251969792.000000
47626747904.000000 214865133568.000000
252120006656.000000 -315431485440.000000
FRAME
1122203.625000 43354944.000000
202714038272.000000 19242561536.000000
-210769428480.000000 -25856718848.000000
26497204224.000000 218583580672.000000
275342852096.000000 -295138394112.000000
FRAME
1179702.000000 43558240.000000
195602022400.000000 40417951744.000000
-208254074880.000000 -47205203968.000000
5111806976.000000 220274917376.000000
296917303296.000000 -273057972224.000000
FRAME
1232729.250000 43766460.000000
186061651968.000000 61103390720.000000
-203617566720.000000 -68084232192.000000
-16330931200.000000 219926609920.000000
316709699584.000000 -249319391232.000000
FRAME
1280899.250000 43979152.000000
174069481472.000000 80996786176.000000
-196939644928.000000 -88292081664.000000
-37632765952.000000 217546276864.000000
334595325952.000000 -224061652992.000000
FRAME
1323867.500000 44195824.000000
159641272320.000000 99771531264.000000
-188317024256.000000 -107639693312.000000
-58597933056.000000 213161672704.000000
350459232256.000000 -197433065472.000000
FRAME
1361331.500000 44415992.000000
142841217024.000000 117081137152.000000
-177861607424.000000 -125951639552.000000
-79035285504.000000 206819950592.000000
364197412864.000000 -169590521856.000000
FRAME
1393031.000000 44639128.000000
123791261696.000000 132567048192.000000
-165698617344.000000 -143066841088.000000
-98760351744.000000 198587006976.000000
375717068800.000000 -140699107328.000000
FRAME
1418747.875000 44864700.000000
102679207936.000000 145869930496.000000
-151964893184.000000 -158839062528.000000
-117597306880.000000 188546498560.000000
384937426944.000000 -110931247104.000000
FRAME
1438307.500000 45092148.000000
79764856832.000000 156644835328.000000
-136807284736.000000 -173137248256.000000
-135380680704.000000 176798629888.000000
391790329856.000000 -80466018304.000000
FRAME
1451578.500000 45320924.000000
55381626880.000000 164579737600.000000
-120381194240.000000 -185845678080.000000
-151956914176.000000 163458711552.000000
396220956672.000000 -49488351232.000000
FRAME
1458473.000000 45550444.000000
29932650496.000000 169415917568.000000
-102849093632.000000 -196864180224.000000
-167185858560.000000 148655702016.000000
398188478464.000000 -18188197888.000000
FRAME
1458951.250000 45780128.000000
3879763712.000000 170968137728.000000
-84379213824.000000 -206108033024.000000
-180941799424.000000 132530479104.000000
397666549760.000000 13240509440.000000
FRAME
1453022.375000 46009380.000000
-22274486272.000000 169141764096.000000
-65144369152.000000 -213507981312.000000
-193114406912.000000 115234144256.000000
394643767296.000000 44600893440.000000
FRAME
1440748.000000 46237612.000000
-48010735616.000000 163943776256.000000
-45320810496.000000 -219010105344.000000
-203609554944.000000 96926212096.000000
389124259840.000000 75694260224.000000
FRAME
1422246.250000 46464216.000000
-72819826688.000000 155485388800.000000
-25087170560.000000 -222575837184.000000
-212349583360.000000 77772832768.000000
381127753728.000000 106321248256.000000
FRAME
1397694.000000 46688612.000000
-96229490688.000000 143975596032.000000
-4623437824.000000 -224181616640.000000
-219273756672.000000 57944940544.000000
370690424832.000000 136283176960.000000
FRAME
1367328.375000 46910224.000000
-117826985984.000000 129706409984.000000
15889982464.000000 -223819055104.000000
-224338280448.000000 37616553984.000000
357864439808.000000 165383290880.000000
FRAME
1331446.750000 47128496.000000
-137275129856.000000 113032265728.000000
36273205248.000000 -221494525952.000000
-227516186624.000000 16963024896.000000
342718545920.000000 193428406272.000000
FRAME
1290405.625000 47342904.000000
-154320371712.000000 94346911744.000000
56347795456.000000 -217229312000.000000
-228796973056.000000 -3840542208.000000
325337677824.000000 220229992448.000000
FRAME
1244616.125000 47552960.000000
-168793292800.000000 74060849152.000000
75937677312.000000 -211059376128.000000
-228186177536.000000 -24620824576.000000
305822695424.000000 245606023168.000000
FRAME
1194540.125000 47758228.000000
-180602994688.000000 52581670912.000000
94870061056.000000 -203035115520.000000
-225704968192.000000 -45207703552.000000
284290449408.000000 269382156288.000000
FRAME
1140683.000000 47958312.000000
-189727375360.000000 30298859520.000000
112976445440.000000 -193221476352.000000
-221389258752.000000 -65435578368.000000
260872634368.000000 291393732608.000000
FRAME
1083588.875000 48152888.000000
-196201316352.000000 7573180416.000000
130093522944.000000 -181697675264.000000
-215289020416.000000 -85144535040.000000
235715526656.000000 311486545920.000000
FRAME
1023831.812500 48341676.000000
-200104509440.000000 -15269538816.000000
146064277504.000000 -168557002752.000000
-207467462656.000000 -104181448704.000000
208978870272.000000 329518841856.000000
FRAME
962009.812500 48524460.000000
-201550151680.000000 -37941092352.000000
160739131392.000000 -153906577408.000000
-198000164864.000000 -122400899072.000000
180835024896.000000 345362497536.000000
FRAME
898736.812500 48701096.000000
-200674803712.000000 -60190937088.000000
173977042944.000000 -137867280384.000000
-186974093312.000000 -139666079744.000000
151467622400.000000 358904201216.000000
FRAME
834636.125000 48871500.000000
-197630263296.000000 -81804435456.000000
185646661632.000000 -120573059072.000000
-174486618112.000000 -155849441280.000000
121070084096.000000 370047025152.000000
FRAME
770333.312500 49035652.000000
-192577011712.000000 -102600056832.000000
195627663360.000000 -102170640384.000000
-160644579328.000000 -170833379328.000000
89844326400.000000 378711015424.000000
FRAME
706449.000000 49193604.000000
-185679282176.000000 -122426007552.000000
203812143104.000000 -82818957312.000000
-145563287552.000000 -184510775296.000000
57998921728.000000 384834043904.000000
FRAME
643592.625000 49345464.000000
-177101209600.000000 -141156761600.000000
210105827328.000000 -62688317440.000000
-129365557248.000000 -196785389568.000000
25747443712.000000 388372660224.000000
FRAME
582355.500000 49491412.000000
-167004536832.000000 -158689656832.000000
214429581312.000000 -41959456768.000000
-112180649984.000000 -207572303872.000000
-6693417984.000000 389302681600.000000
FRAME
523304.437500 49631664.000000
-155546763264.000000 -174941732864.000000
216720703488.000000 -20822509568.000000
-94143414272.000000 -216798085120.000000
-39105728512.000000 387618930688.000000
FRAME
466975.375000 49766524.000000
-142879948800.000000 -189846781952.000000
216934350848.000000 524394880.000000
-75393277952.000000 -224401162240.000000
-71272210432.000000 383335956480.000000
FRAME
413867.937500 49896316.000000
-129150451712.000000 -203353063424.000000
215044816896.000000 21876676608.000000
-56073302016.000000 -230331858944.000000
-102978265088.000000 376487182336.000000
FRAME
364439.468750 50021440.000000
-114498576384.000000 -215420862464.000000
211046645760.000000 43025113088.000000
-36329291776.000000 -234552541184.000000
-134013706240.000000 367125102592.000000
FRAME
319100.343750 50142328.000000
-99058597888.000000 -226020868096.000000
204955664384.000000 63757897728.000000
-16308866048.000000 -237037584384.000000
-164174577664.000000 355320102912.000000
FRAME
278209.156250 50259444.000000
-82959024128.000000 -235132436480.000000
196809883648.000000 83862921216.000000
3839408640.000000 -237773520896.000000
-193265090560.000000 341160067072.000000
FRAME
242069.218750 50373288.000000
-66322944000.000000 -242742444032.000000
186669973504.000000 103130259456.000000
23966898176.000000 -236758876160.000000
-221098852352.000000 324749131776.000000
FRAME
210925.531250 50484372.000000
-49268461568.000000 -248844091392.000000
174619443200.000000 121354846208.000000
43925753856.000000 -234004119552.000000
-247500521472.000000 306206769152.000000
FRAME
184962.640625 50593248.000000
-31909136384.000000 -253436051456.000000
160764592128.000000 138339336192.000000
63569764352.000000 -229531566080.000000
-272307240960.000000 285666017280.000000
FRAME
164303.937500 50700456.000000
-14354495488.000000 -256521814016.000000
145233920000.000000 153896943616.000000
82755182592.000000 -223375114240.000000
-295369539584.000000 263272611840.000000
FRAME
149011.343750 50806552.000000
3289463808.000000 -258109112320.000000
128177192960.000000 167854358528.000000
101341560832.000000 -215580082176.000000
-316552085504.000000 239183052800.000000
FRAME
139086.968750 50912068.000000
20919795712.000000 -258209513472.000000
109763903488.000000 180054573056.000000
119192576000.000000 -206203011072.000000
-335734865920.000000 213563260928.000000
FRAME
134475.140625 51017540.000000
38436110336.000000 -256838139904.000000
90181451776.000000 190359568384.000000
136176771072.000000 -195311255552.000000
-352813285376.000000 186587103232.000000
FRAME
135066.015625 51123476.000000
55740112896.000000 -254013456384.000000
69632729088.000000 198652624896.000000
152168415232.000000 -182982656000.000000
-367698804736.000000 158434361344.000000
FRAME
140699.937500 51230348.000000
72735162368.000000 -249757188096.000000
48333500416.000000 204840517632.000000
167048314880.000000 -169305276416.000000
-380319334400.000000 129289601024.000000
FRAME
151172.562500 51338612.000000
89325813760.000000 -244094369792.000000
26509205504.000000 208854990848.000000
180704493568.000000 -154376798208.000000
-390618578944.000000 99340386304.000000
FRAME
166240.953125 51448688.000000
105417457664.000000 -237053427712.000000
4391732224.000000 210654150656.000000
193033125888.000000 -138304028672.000000
-398556692480.000000 68775837696.000000
FRAME
185629.718750 51560940.000000
120915902464.000000 -228666261504.000000
-17784121344.000000 210222841856.000000
203939119104.000000 -121202475008.000000
-404109230080.000000 37785247744.000000
FRAME
209037.578125 51675712.000000
135727104000.000000 -218968702976.000000
-39784157184.000000 207572959232.000000
213336899584.000000 -103195525120.000000
-407267147776.000000 6556693504.000000
FRAME
236143.796875 51793284.000000
149756755968.000000 -208000679936.000000
-61378273280.000000 202742857728.000000
221151182848.000000 -84413915136.000000
-408036474880.000000 -24724099072.000000
FRAME
266614.343750 51913896.000000
162910142464.000000 -195806822400.000000
-82343829504.000000 195796336640.000000
227317481472.000000 -64994856960.000000
-406437068800.000000 -55874998272.000000
FRAME
300107.625000 52037772.000000
175091908608.000000 -182436921344.000000
-102468739072.000000 186821214208.000000
231782989824.000000 -45081276416.000000
-402502877184.000000 -86718447616.000000
FRAME
336279.562500 52165072.000000
186205749248.000000 -167946633216.000000
-121554239488.000000 175927377920.000000
234506895360.000000 -24820846592.000000
-396280299520.000000 -117082374144.000000
FRAME
374787.531250 52295936.000000
196154605568.000000 -152398282752.000000
-139417288704.000000 163244539904.000000
235460984832.000000 -4365048832.000000
-387827597312.000000 -146801049600.000000
FRAME
415294.343750 52430468.000000
204840599552.000000 -135861624832.000000
-155892580352.000000 148919697408.000000
234630217728.000000 16131893248.000000
-377214631936.000000 -175715827712.000000
FRAME
457470.250000 52568740.000000
212165132288.000000 -118415024128.000000
-170833936384.000000 133114519552.000000
232012857344.000000 36514123776.000000
-364521553920.000000 -203675615232.000000
FRAME
500994.781250 52710800.000000
218029424640.000000 -100146495488.000000
-184115527680.000000 116002537472.000000
227620995072.000000 56625319936.000000
-349837885440.000000 -230537445376.000000
FRAME
545557.875000 52856672.000000
222334861312.000000 -81155031040.000000
-195632447488.000000 97766359040.000000
221480484864.000000 76309946368.000000
-333262061568.000000 -256167198720.000000
FRAME
590859.750000 53006360.000000
224983973888.000000 -61552001024.000000
-205300908032.000000 78594957312.000000
213631123456.000000 95414493184.000000
-314900250624.000000 -280439521280.000000
FRAME
636610.750000 53159860.000000
225881571328.000000 -41462648832.000000
-213058158592.000000 58681151488.000000
204126535680.000000 113788821504.000000
-294865960960.000000 -303238512640.000000
FRAME
682530.687500 53317144.000000
224936361984.000000 -21027637248.000000
-218862043136.000000 38219161600.000000
193034010624.000000 131287474176.000000
-273278664704.000000 -324457496576.000000
FRAME
728347.500000 53478180.000000
222062919680.000000 -404649216.000000
-222690295808.000000 17402413056.000000
180434124800.000000 147770949632.000000
-250263601152.000000 -343999807488.000000
FRAME
773795.812500 53642916.000000
217184485376.000000 20230152192.000000
-224539574272.000000 -3578411008.000000
166420185088.000000 163107160064.000000
-225950826496.000000 -361778151424.000000
FRAME
818616.125000 53811296.000000
210236342272.000000 40680894464.000000
-224424394752.000000 -24537124864.000000
151097606144.000000 177172512768.000000
-200474329088.000000 -377715097600.000000
FRAME
862553.500000 53983252.000000
201169862656.000000 60731199488.000000
-222375968768.000000 -45293531136.000000
134583222272.000000 189853286400.000000
-173971767296.000000 -391743275008.000000
FRAME
905355.937500 54158700.000000
189957505024.000000 80144105472.000000
-218440925184.000000 -65674665984.000000
117004222464.000000 201046704128.000000
-146583355392.000000 -403804782592.000000
FRAME
946773.812500 54337552.000000
176598581248.000000 98662981632.000000
-212680048640.000000 -85515870208.000000
98497126400.000000 210662113280.000000
-118451732480.000000 -413851975680.000000
FRAME
986559.125000 54519700.000000
161125498880.000000 116013957120.000000
-205166870528.000000 -104661630976.000000
79206580224.000000 218621657088.000000
-89720946688.000000 -421846253568.000000
FRAME
1024464.875000 54705028.000000
143610609664.000000 131910098944.000000
-195986554880.000000 -122966245376.000000
59284066304.000000 224861405184.000000
-60536102912.000000 -427759239168.000000
FRAME
1060245.875000 54893400.000000
124172410880.000000 146057936896.000000
-185234489344.000000 -140294340608.000000
38886457344.000000 229331795968.000000
-31042873344.000000 -431571861504.000000
FRAME
1093658.500000 55084660.000000
102981337088.000000 158166433792.000000
-173015285760.000000 -156521316352.000000
18174529536.000000 231998242816.000000
-1386853504.000000 -433274421248.000000
FRAME
1124462.750000 55278636.000000
80263208960.000000 167958364160.000000
-159441469440.000000 -171533451264.000000
-2688534272.000000 232841379840.000000
28286855168.000000 -432866459648.000000
FRAME
1152423.125000 55475136.000000
56299982848.000000 175183970304.000000
-144632561664.000000 -185228230656.000000
-23538737152.000000 231857307648.000000
57834135552.000000 -430356758528.000000
FRAME
1177312.625000 55673932.000000
31426279424.000000 179635568640.000000
-128714014720.000000 -197514412032.000000
-44212834304.000000 229057478656.000000
87112351744.000000 -425763143680.000000
FRAME
1198915.500000 55874772.000000
6021338112.000000 181162016768.000000
-111816310784.000000 -208311943168.000000
-64549867520.000000 224468467712.000000
115980713984.000000 -419112222720.000000
FRAME
1217032.875000 56077392.000000
-19503794176.000000 179680952320.000000
-94074134528.000000 -217552125952.000000
-84392706048.000000 218131709952.000000
144300752896.000000 -410439385088.000000
FRAME
1231486.375000 56281472.000000
-44723077120.000000 175187116032.000000
-75625562112.000000 -225177452544.000000
-103589453824.000000 210102812672.000000
171936727040.000000 -399788474368.000000
FRAME
1242124.750000 56486700.000000
-69214625792.000000 167755218944.000000
-56611278848.000000 -231141605376.000000
-121994846208.000000 200450883584.000000
198756286464.000000 -387211722752.000000
FRAME
1248828.875000 56692720.000000
-92580085760.000000 157536567296.000000
-37173956608.000000 -235409309696.000000
-139471437824.000000 189257711616.000000
224630489088.000000 -372769751040.000000
FRAME
1251515.875000 56899160.000000
-114461884416.000000 144750116864.000000
-17457516544.000000 -237956399104.000000
-155890794496.000000 176616751104.000000
249434554368.000000 -356530978816.000000
FRAME
1250143.375000 57105628.000000
-134556434432.000000 129668800512.000000
2393440256.000000 -238769553408.000000
-171134451712.000000 162632089600.000000
273048059904.000000 -338571558912.000000
FRAME
1244711.375000 57311732.000000
-152622268416.000000 112603496448.000000
22234269696.000000 -237846396928.000000
-185094701056.000000 147417284608.000000
295355580416.000000 -318975508480.000000
FRAME
1235263.000000 57517096.000000
-168482783232.000000 93886357504.000000
41920872448.000000 -235195269120.000000
-197675466752.000000 131094142976.000000
316246949888.000000 -297833922560.000000
FRAME
1221885.750000 57721320.000000
-182024454144.000000 73855459328.000000
61310291968.000000 -230835290112.000000
-208792682496.000000 113791442944.000000
335617949696.000000 -275245498368.000000
FRAME
1204708.875000 57924020.000000
-193191378944.000000 52841951232.000000
80261308416.000000 -224796278784.000000
-218374848512.000000 95643721728.000000
353370079232.000000 -251315290112.000000
FRAME
1183901.875000 58124848.000000
-201977692160.000000 31160231936.000000
98635030528.000000 -217118507008.000000
-226363179008.000000 76789948416.000000
369411850240.000000 -226155167744.000000
FRAME
1159672.750000 58323448.000000
-208418881536.000000 9101312000.000000
116295524352.000000 -207853010944.000000
-232711782400.000000 57372311552.000000
383658852352.000000 -199883292672.000000
FRAME
1132263.375000 58519520.000000
-212583235584.000000 -13071092736.000000
133110497280.000000 -197061083136.000000
-237387661312.000000 37534937088.000000
396033949696.000000 -172623593472.000000
FRAME
1101947.125000 58712768.000000
-214563667968.000000 -35122155520.000000
148951924736.000000 -184814551040.000000
-240370548736.000000 17422739456.000000
406467936256.000000 -144505667584.000000
FRAME
1069025.125000 58902928.000000
-214470705152.000000 -56845856768.000000
163696803840.000000 -171195482112.000000
-241652776960.000000 -2819718144.000000
414900322304.000000 -115664142336.000000
FRAME
1033822.750000 59089796.000000
-212426702848.000000 -78063714304.000000
177227956224.000000 -156296003584.000000
-241238867968.000000 -23049279488.000000
421279072256.000000 -86238347264.000000
FRAME
996684.250000 59273172.000000
-208560930816.000000 -98622783488.000000
189434691584.000000 -140218302464.000000
-239145238528.000000 -43125198848.000000
425561522176.000000 -56371838976.000000
